************************************************************
2026016期，出球顺序: 红球[10,9,4,27,5,30] 蓝球[13]
第一组尾数推荐:7
第二组尾数推荐:8
第三组尾数推荐:0
第四组尾数推荐:2
第五组尾数推荐:6
第六组尾数推荐:1
第一组推荐：1,2,6,7,8,
第一组杀号：1,3,4,5,6,17,18,20,21,22,23,25,26,
篮球杀号：2,5,6,8,9,10,12,15,16,
************************************************************
2026017期，出球顺序: 红球[5,29,1,3,18,32] 蓝球[4]
第一组尾数推荐:6
第二组尾数推荐:2
第三组尾数推荐:7
第四组尾数推荐:8
第五组尾数推荐:3
第六组尾数推荐:1
第一组推荐：1,2,3,6,7,8,
第一组杀号：2,3,4,11,13,14,15,17,24,26,27,28,29,31,
篮球杀号：1,5,6,7,8,10,11,15,16,
************************************************************
2026018期，出球顺序: 红球[22,11,17,30,15,25] 蓝球[7]
第一组尾数推荐:4
第二组尾数推荐:9
第三组尾数推荐:6
第四组尾数推荐:3
第五组尾数推荐:7
第六组尾数推荐:3
第一组推荐：3,4,6,7,9,
第一组杀号：2,3,4,5,6,7,8,10,11,13,14,15,19,
篮球杀号：2,3,4,8,9,12,13,14,
